Macierz
10
10
   73   24   11   56   53   96   32   90   58   16
   76   25    5   43   13   30   82   71   27   37
   28   79   51    9   49   49   14   52   63    4
    9   87   67   14   22   18   67   61   14   92
   86   44   35   14   31   13   26   82   27   73
   42   86    9   55   71   71   49   19    0   82
   54   96   80   78   40   57   17   88   64    1
   97    7   67   77   90    6   87   83   40   65
    5    2   49   45   48   17   48   93   24    9
   29   26   47   22   66    9   17   73   34   72
